0.99,0.99,0.99,0.99,0.99
0.94,0.94,0.94,0.94,0.94
6,6,6,6,6
6,6,6,6,6
6,6,6,6,6
6,6,6,6,6
6,6,6,6,6
6,6,6,6,6
5,5,5,5,5
6,6,6,6,6
6,6,6,6,6
6,6,6,6,6
6,6,6,6,6
6,6,6,6,6
6,6,6,6,6
6,6,6,6,6
6,6,6,6,6
6,6,6,6,6
6,6,6,6,6
6,6,6,6,6
6,6,6,6,6
6,6,6,6,6
6,6,6,6,6
6,6,6,6,6
6,6,6,6,6
6,6,6,6,6
6,6,6,6,6
6,6,6,6,6
6,6,6,6,6
6,6,6,6,6
6,6,6,6,6
6,6,6,6,6
6,6,6,6,6
6,6,6,6,6
6,6,6,6,6
6,6,6,6,6
6,6,6,6,6
6,6,6,6,6
6,6,6,6,6
6,6,6,6,6
6,6,6,6,6
6,6,6,6,6
6,6,6,6,6
6,6,6,6,6
6,6,6,6,6
6,6,6,6,6
5,5,5,5,5
6,6,6,6,6
6,6,6,6,6
6,6,6,6,6
6,6,6,6,6
5,5,5,5,5
