0.73333,0.73,0.73,0.73,0.73
0,0,0,0,0
4,4,4,4,4
4,4,4,4,4
5,5,5,5,5
4,4,4,4,4
5,5,5,5,5
4,4,4,4,4
4,4,4,4,4
4,4,4,4,4
5,5,5,5,5
5,5,5,5,5
4,4,4,4,4
4,4,4,4,4
4,4,4,4,4
4,4,4,4,4
4,4,4,4,4
5,5,5,5,5
4,4,4,4,4
4,4,4,4,4
4,4,4,4,4
5,5,5,5,5
4,4,4,4,4
5,5,5,5,5
4,4,4,4,4
4,4,4,4,4
4,4,4,4,4
4,4,4,4,4
5,5,5,5,5
4,4,4,4,4
5,5,5,5,5
5,5,5,5,5
4,4,4,4,4
4,4,4,4,4
5,5,5,5,5
5,5,5,5,5
4,4,4,4,4
5,5,5,5,5
5,5,5,5,5
4,4,4,4,4
5,5,5,5,5
4,4,4,4,4
4,4,4,4,4
5,5,5,5,5
4,4,4,4,4
4,4,4,4,4
4,4,4,4,4
5,5,5,5,5
5,4,4,4,4
4,4,4,4,4
5,5,5,5,5
5,5,5,5,5
