0.75,0.75,0.75,0.75,0.75
0,0,0,0,0
6,6,6,6,6
6,6,6,6,6
6,6,6,6,6
6,6,6,6,6
6,6,6,6,6
6,6,6,6,6
6,6,6,6,6
6,6,6,6,6
6,6,6,6,6
6,6,6,6,6
6,6,6,6,6
6,6,6,6,6
6,6,6,6,6
6,6,6,6,6
6,6,6,6,6
6,6,6,6,6
6,6,6,6,6
6,6,6,6,6
6,6,6,6,6
6,6,6,6,6
6,6,6,6,6
6,6,6,6,6
6,6,6,6,6
6,6,6,6,6
6,6,6,6,6
6,6,6,6,6
6,6,6,6,6
6,6,6,6,6
6,6,6,6,6
6,6,6,6,6
6,6,6,6,6
6,6,6,6,6
6,6,6,6,6
6,6,6,6,6
6,6,6,6,6
6,6,6,6,6
6,6,6,6,6
6,6,6,6,6
6,6,6,6,6
6,6,6,6,6
6,6,6,6,6
6,6,6,6,6
6,6,6,6,6
6,6,6,6,6
6,6,6,6,6
6,6,6,6,6
6,6,6,6,6
6,6,6,6,6
6,6,6,6,6
6,6,6,6,6
