0.91,0.91,0.91,0.91,0.91
0.82,0.82,0.82,0.82,0.82
2,2,2,2,2
1,1,1,1,1
2,2,2,2,2
2,2,2,2,2
2,2,2,2,2
1,1,1,1,1
2,2,2,2,2
2,2,2,2,2
2,2,2,2,2
2,2,2,2,2
2,2,2,2,2
2,2,2,2,2
2,2,2,2,2
2,2,2,2,2
2,2,2,2,2
2,2,2,2,2
1,1,1,1,1
2,2,2,2,2
2,2,2,2,2
2,2,2,2,2
2,2,2,2,2
2,2,2,2,2
2,2,2,2,2
2,2,2,2,2
2,2,2,2,2
2,2,2,2,2
1,1,1,1,1
1,1,1,1,1
2,2,2,2,2
2,2,2,2,2
2,2,2,2,2
2,2,2,2,2
1,1,1,1,1
2,2,2,2,2
2,2,2,2,2
2,2,2,2,2
2,2,2,2,2
2,2,2,2,2
2,2,2,2,2
1,1,1,1,1
2,2,2,2,2
2,2,2,2,2
2,2,2,2,2
2,2,2,2,2
2,2,2,2,2
2,2,2,2,2
1,1,1,1,1
2,2,2,2,2
1,1,1,1,1
2,2,2,2,2
