1,1,1,1,0
1,1,1,1,0
18,18,18,18,0
18,18,18,18,0
18,18,18,18,0
18,18,18,18,0
18,18,18,18,0
18,18,18,18,0
18,18,18,18,0
18,18,18,18,0
18,18,18,18,0
18,18,18,18,0
18,18,18,18,0
18,18,18,18,0
18,18,18,18,0
18,18,18,18,0
18,18,18,18,0
18,18,18,18,0
18,18,18,18,0
18,18,18,18,0
18,18,18,18,0
18,18,18,18,0
18,18,18,18,0
18,18,18,18,0
18,18,18,18,0
18,18,18,18,0
18,18,18,18,0
18,18,18,18,0
18,18,18,18,0
18,18,18,18,0
18,18,18,18,0
18,18,18,18,0
18,18,18,18,0
18,18,18,18,0
18,18,18,18,0
18,18,18,18,0
18,18,18,18,0
18,18,18,18,0
18,18,18,18,0
18,18,18,18,0
18,18,18,18,0
18,18,18,18,0
18,18,18,18,0
18,18,18,18,0
18,18,18,18,0
18,18,18,18,0
18,18,18,18,0
18,18,18,18,0
18,18,18,18,0
18,18,18,18,0
18,18,18,18,0
18,18,18,18,0
