1,1,1,1,1
1,1,1,1,1
36,36,36,36,36
36,36,36,36,36
36,36,36,36,36
36,36,36,36,36
36,36,36,36,36
36,36,36,36,36
36,36,36,36,36
36,36,36,36,36
36,36,36,36,36
36,36,36,36,36
36,36,36,36,36
36,36,36,36,36
36,36,36,36,36
36,36,36,36,36
36,36,36,36,36
36,36,36,36,36
36,36,36,36,36
36,36,36,36,36
36,36,36,36,36
36,36,36,36,36
36,36,36,36,36
36,36,36,36,36
36,36,36,36,36
36,36,36,36,36
36,36,36,36,36
36,36,36,36,36
36,36,36,36,36
36,36,36,36,36
36,36,36,36,36
36,36,36,36,36
36,36,36,36,36
36,36,36,36,36
36,36,36,36,36
36,36,36,36,36
36,36,36,36,36
36,36,36,36,36
36,36,36,36,36
36,36,36,36,36
36,36,36,36,36
36,36,36,36,36
36,36,36,36,36
36,36,36,36,36
36,36,36,36,36
36,36,36,36,36
36,36,36,36,36
36,36,36,36,36
36,36,36,36,36
36,36,36,36,36
36,36,36,36,36
36,36,36,36,36
