0.63284,0.63284,0.63284,0.63284,0.63284
0,0,0,0,0
53,53,53,53,53
62,62,62,62,62
42,42,42,42,42
50,50,50,50,50
45,45,45,45,45
48,48,48,48,48
56,56,56,56,56
56,56,56,56,56
54,54,54,54,54
52,52,52,52,52
51,51,51,51,51
57,57,57,57,57
54,54,54,54,54
52,52,52,52,52
54,54,54,54,54
51,51,51,51,51
51,51,51,51,51
52,52,52,52,52
47,47,47,47,47
44,44,44,44,44
58,58,58,58,58
51,51,51,51,51
53,53,53,53,53
61,61,61,61,61
47,47,47,47,47
51,51,51,51,51
49,49,49,49,49
54,54,54,54,54
45,45,45,45,45
54,54,54,54,54
53,53,53,53,53
46,46,46,46,46
44,44,44,44,44
54,54,54,54,54
49,49,49,49,49
49,49,49,49,49
53,53,53,53,53
50,50,50,50,50
47,47,47,47,47
52,52,52,52,52
59,59,59,59,59
41,41,41,41,41
53,53,53,53,53
51,51,51,51,51
46,46,46,46,46
48,48,48,48,48
55,55,55,55,55
49,49,49,49,49
51,51,51,51,51
59,59,59,59,59
