0.69593,0.69593,0.69593,0.69593,0.69593
0,0,0,0,0
152,152,152,152,152
149,149,149,149,149
152,152,152,152,152
153,153,153,153,153
149,149,149,149,149
144,144,144,144,144
152,152,152,152,152
149,149,149,149,149
155,155,155,155,155
152,152,152,152,152
153,153,153,153,153
149,149,149,149,149
149,149,149,149,149
145,145,145,145,145
153,153,153,153,153
142,142,142,142,142
151,151,151,151,151
157,157,157,157,157
149,149,149,149,149
151,151,151,151,151
151,151,151,151,151
153,153,153,153,153
152,152,152,152,152
144,144,144,144,144
146,146,146,146,146
150,150,150,150,150
150,150,150,150,150
149,149,149,149,149
153,153,153,153,153
149,149,149,149,149
147,147,147,147,147
150,150,150,150,150
150,150,150,150,150
155,155,155,155,155
155,155,155,155,155
154,154,154,154,154
154,154,154,154,154
151,151,151,151,151
147,147,147,147,147
145,145,145,145,145
147,147,147,147,147
150,150,150,150,150
153,153,153,153,153
147,147,147,147,147
155,155,155,155,155
148,148,148,148,148
156,156,156,156,156
149,149,149,149,149
147,147,147,147,147
153,153,153,153,153
