1,1,1,1,1
0.892,0.892,0.892,0.892,0.892
0.9,0.14,0.14,0.14,0.14
1,1,1,1,1
1,1,1,1,1
0.65222,0.65222,0.65222,0.65222,0
0.54111,0.54111,0.54111,0.54111,0.54111
0.033333,0.033333,0.033333,0.033333,0.033333
0.072963,0.072963,0.072963,0.072963,0.072963
0.85833,0.85833,0.85833,0.85833,0.85833
0.99667,0.99667,0.99667,0.99667,0.99667
0.64,0.64,0.64,0.64,0.64
0.82333,0.82333,0.82333,0.82333,0.82333
0.65,0.65,0.65,0.65,0.65
0.33,0.33,0.33,0.33,0.33
0.59333,0.59333,0.59333,0.59333,0.59333
0.4375,0.4375,0.4375,0.4375,0.4375
0.49333,0.49333,0.49333,0.49333,0.49333
0.395,0.395,0.395,0.395,0.395
0.21,0.21,0.21,0.21,0.21
