0.85833,0.85833,0.85833,0.85833,0.85833
0.14,0.14,0.14,0.14,0.14
11,11,11,11,11
11,11,11,11,11
11,11,11,11,11
11,11,11,11,11
11,11,11,11,11
9,9,9,9,9
10,10,10,10,10
12,12,12,12,12
11,11,11,11,11
12,12,12,12,12
11,11,11,11,11
11,11,11,11,11
9,9,9,9,9
10,10,10,10,10
11,11,11,11,11
8,8,8,8,8
11,11,11,11,11
11,11,11,11,11
10,10,10,10,10
9,9,9,9,9
10,10,10,10,10
12,12,12,12,12
12,12,12,12,12
10,10,10,10,10
10,10,10,10,10
12,12,12,12,12
10,10,10,10,10
9,9,9,9,9
8,8,8,8,8
11,11,11,11,11
12,12,12,12,12
9,9,9,9,9
10,10,10,10,10
9,9,9,9,9
11,11,11,11,11
11,11,11,11,11
11,11,11,11,11
12,12,12,12,12
11,11,11,11,11
10,10,10,10,10
9,9,9,9,9
11,11,11,11,11
10,10,10,10,10
10,10,10,10,10
11,11,11,11,11
9,9,9,9,9
8,8,8,8,8
10,10,10,10,10
8,8,8,8,8
9,9,9,9,9
