0.99667,0.99667,0.99667,0.99667,0.99667
0.98,0.98,0.98,0.98,0.98
6,6,6,6,6
6,6,6,6,6
6,6,6,6,6
6,6,6,6,6
6,6,6,6,6
6,6,6,6,6
6,6,6,6,6
6,6,6,6,6
6,6,6,6,6
6,6,6,6,6
6,6,6,6,6
6,6,6,6,6
6,6,6,6,6
6,6,6,6,6
6,6,6,6,6
6,6,6,6,6
6,6,6,6,6
6,6,6,6,6
6,6,6,6,6
6,6,6,6,6
6,6,6,6,6
6,6,6,6,6
6,6,6,6,6
6,6,6,6,6
6,6,6,6,6
6,6,6,6,6
6,6,6,6,6
6,6,6,6,6
6,6,6,6,6
6,6,6,6,6
6,6,6,6,6
6,6,6,6,6
6,6,6,6,6
6,6,6,6,6
6,6,6,6,6
6,6,6,6,6
6,6,6,6,6
6,6,6,6,6
6,6,6,6,6
6,6,6,6,6
6,6,6,6,6
6,6,6,6,6
6,6,6,6,6
6,6,6,6,6
6,6,6,6,6
6,6,6,6,6
6,6,6,6,6
5,5,5,5,5
6,6,6,6,6
6,6,6,6,6
