0.64,0.64,0.64,0.64,0.64
0,0,0,0,0
5,5,5,5,5
5,5,5,5,5
6,6,6,6,6
5,5,5,5,5
7,7,7,7,7
4,4,4,4,4
6,6,6,6,6
6,6,6,6,6
5,5,5,5,5
5,5,5,5,5
5,5,5,5,5
6,6,6,6,6
5,5,5,5,5
4,4,4,4,4
5,5,5,5,5
4,4,4,4,4
5,5,5,5,5
7,7,7,7,7
5,5,5,5,5
6,6,6,6,6
5,5,5,5,5
5,5,5,5,5
6,6,6,6,6
5,5,5,5,5
5,5,5,5,5
6,6,6,6,6
5,5,5,5,5
6,6,6,6,6
5,5,5,5,5
5,5,5,5,5
5,5,5,5,5
5,5,5,5,5
4,4,4,4,4
4,4,4,4,4
5,5,5,5,5
5,5,5,5,5
5,5,5,5,5
5,5,5,5,5
5,5,5,5,5
5,5,5,5,5
5,5,5,5,5
5,5,5,5,5
5,5,5,5,5
7,7,7,7,7
4,4,4,4,4
4,4,4,4,4
5,5,5,5,5
4,4,4,4,4
5,5,5,5,5
5,5,5,5,5
