0.82333,0.82333,0.82333,0.82333,0.82333
0,0,0,0,0
5,5,5,5,5
5,5,5,5,5
5,5,5,5,5
5,5,5,5,5
5,5,5,5,5
5,5,5,5,5
5,5,5,5,5
5,5,5,5,5
5,5,5,5,5
5,5,5,5,5
5,5,5,5,5
5,5,5,5,5
5,5,5,5,5
5,5,5,5,5
5,5,5,5,5
4,4,4,4,4
4,4,4,4,4
5,5,5,5,5
5,5,5,5,5
5,5,5,5,5
5,5,5,5,5
5,5,5,5,5
5,5,5,5,5
5,5,5,5,5
5,5,5,5,5
4,4,4,4,4
5,5,5,5,5
5,5,5,5,5
5,5,5,5,5
5,5,5,5,5
5,5,5,5,5
5,5,5,5,5
5,5,5,5,5
5,5,5,5,5
5,5,5,5,5
5,5,5,5,5
5,5,5,5,5
5,5,5,5,5
5,5,5,5,5
5,5,5,5,5
5,5,5,5,5
5,5,5,5,5
5,5,5,5,5
5,5,5,5,5
5,5,5,5,5
5,5,5,5,5
5,5,5,5,5
5,5,5,5,5
5,5,5,5,5
5,5,5,5,5
