0.892,0.892,0.892,0.892,0.892
0.52,0.52,0.52,0.52,0.52
3,3,3,3,3
5,5,5,5,5
4,4,4,4,4
4,4,4,4,4
4,4,4,4,4
5,5,5,5,5
5,5,5,5,5
5,5,5,5,5
4,4,4,4,4
4,4,4,4,4
5,5,5,5,5
5,5,5,5,5
5,5,5,5,5
4,4,4,4,4
4,4,4,4,4
4,4,4,4,4
4,4,4,4,4
5,5,5,5,5
5,5,5,5,5
5,5,5,5,5
4,4,4,4,4
4,4,4,4,4
5,5,5,5,5
4,4,4,4,4
4,4,4,4,4
5,5,5,5,5
5,5,5,5,5
5,5,5,5,5
4,4,4,4,4
5,5,5,5,5
4,4,4,4,4
3,3,3,3,3
5,5,5,5,5
3,3,3,3,3
5,5,5,5,5
5,5,5,5,5
5,5,5,5,5
5,5,5,5,5
4,4,4,4,4
4,4,4,4,4
5,5,5,5,5
5,5,5,5,5
4,4,4,4,4
5,5,5,5,5
4,4,4,4,4
4,4,4,4,4
5,5,5,5,5
4,4,4,4,4
5,5,5,5,5
5,5,5,5,5
