0.9,0.14,0.14,0.14,0.14
0.9,0.14,0.14,0.14,0.14
1,0,0,0,0
1,0,0,0,0
1,1,1,1,1
1,0,0,0,0
1,0,0,0,0
0,0,0,0,0
1,0,0,0,0
1,1,1,1,1
1,0,0,0,0
1,0,0,0,0
0,0,0,0,0
1,0,0,0,0
1,0,0,0,0
1,0,0,0,0
1,0,0,0,0
1,0,0,0,0
0,0,0,0,0
1,0,0,0,0
1,0,0,0,0
1,0,0,0,0
1,0,0,0,0
1,0,0,0,0
1,0,0,0,0
1,0,0,0,0
1,0,0,0,0
1,1,1,1,1
1,0,0,0,0
1,1,1,1,1
1,0,0,0,0
1,1,1,1,1
1,0,0,0,0
0,0,0,0,0
1,0,0,0,0
1,0,0,0,0
1,0,0,0,0
1,1,1,1,1
1,1,1,1,1
1,0,0,0,0
1,0,0,0,0
1,0,0,0,0
1,0,0,0,0
1,0,0,0,0
1,0,0,0,0
1,0,0,0,0
1,0,0,0,0
1,0,0,0,0
1,0,0,0,0
1,0,0,0,0
0,0,0,0,0
1,0,0,0,0
