0.65222,0.65222,0.65222,0.65222,0
0,0,0,0,0
13,13,13,13,0
9,9,9,9,0
12,12,12,12,0
9,9,9,9,0
12,12,12,12,0
11,11,11,11,0
10,10,10,10,0
10,10,10,10,0
12,12,12,12,0
16,16,16,16,0
15,15,15,15,0
12,12,12,12,0
15,15,15,15,0
12,12,12,12,0
11,11,11,11,0
13,13,13,13,0
10,10,10,10,0
13,13,13,13,0
12,12,12,12,0
11,11,11,11,0
13,13,13,13,0
14,14,14,14,0
12,12,12,12,0
11,11,11,11,0
13,13,13,13,0
10,10,10,10,0
16,16,16,16,0
12,12,12,12,0
9,9,9,9,0
11,11,11,11,0
11,11,11,11,0
11,11,11,11,0
11,11,11,11,0
13,13,13,13,0
11,11,11,11,0
11,11,11,11,0
8,8,8,8,0
16,16,16,16,0
13,13,13,13,0
10,10,10,10,0
13,13,13,13,0
12,12,12,12,0
11,11,11,11,0
12,12,12,12,0
10,10,10,10,0
10,10,10,10,0
9,9,9,9,0
13,13,13,13,0
10,10,10,10,0
13,13,13,13,0
