0.54111,0.54111,0.54111,0.54111,0.54111
0,0,0,0,0
20,20,20,20,20
20,20,20,20,20
18,18,18,18,18
19,19,19,19,19
20,20,20,20,20
21,21,21,21,21
19,19,19,19,19
19,19,19,19,19
19,19,19,19,19
20,20,20,20,20
20,20,20,20,20
20,20,20,20,20
19,19,19,19,19
18,18,18,18,18
20,20,20,20,20
20,20,20,20,20
20,20,20,20,20
19,19,19,19,19
19,19,19,19,19
21,21,21,21,21
19,19,19,19,19
19,19,19,19,19
17,17,17,17,17
20,20,20,20,20
20,20,20,20,20
21,21,21,21,21
19,19,19,19,19
20,20,20,20,20
17,17,17,17,17
19,19,19,19,19
21,21,21,21,21
20,20,20,20,20
20,20,20,20,20
21,21,21,21,21
20,20,20,20,20
20,20,20,20,20
19,19,19,19,19
19,19,19,19,19
19,19,19,19,19
20,20,20,20,20
19,19,19,19,19
18,18,18,18,18
19,19,19,19,19
18,18,18,18,18
19,19,19,19,19
19,19,19,19,19
21,21,21,21,21
20,20,20,20,20
21,21,21,21,21
19,19,19,19,19
