0.072963,0.072963,0.072963,0.072963,0.072963
0,0,0,0,0
16,16,16,16,16
13,13,13,13,13
15,15,15,15,15
15,15,15,15,15
16,16,16,16,16
18,18,18,18,18
15,15,15,15,15
13,13,13,13,13
17,17,17,17,17
17,17,17,17,17
16,16,16,16,16
15,15,15,15,15
16,16,16,16,16
15,15,15,15,15
15,15,15,15,15
17,17,17,17,17
16,16,16,16,16
14,14,14,14,14
15,15,15,15,15
15,15,15,15,15
15,15,15,15,15
18,18,18,18,18
16,16,16,16,16
15,15,15,15,15
17,17,17,17,17
15,15,15,15,15
18,18,18,18,18
15,15,15,15,15
17,17,17,17,17
16,16,16,16,16
19,19,19,19,19
15,15,15,15,15
17,17,17,17,17
16,16,16,16,16
16,16,16,16,16
16,16,16,16,16
15,15,15,15,15
14,14,14,14,14
15,15,15,15,15
15,15,15,15,15
13,13,13,13,13
14,14,14,14,14
19,19,19,19,19
16,16,16,16,16
18,18,18,18,18
15,15,15,15,15
17,17,17,17,17
17,17,17,17,17
15,15,15,15,15
15,15,15,15,15
