1,1,1,1,1
0.868,0.868,0.868,0.868,0.868
0.86,0.12,0.12,0.12,0.12
1,1,1,1,1
1,1,1,1,1
0.56667,0.56667,0.56667,0.56667,0
0.56667,0.56667,0.56667,0.56667,0.56667
0.25901,0.25901,0.25901,0.25901,0.25901
0.27935,0.27935,0.27935,0.27935,0.27935
0.89833,0.89833,0.89833,0.89833,0.89833
0.99333,0.99,0.99,0.99,0.99
0.6575,0.6575,0.6575,0.6575,0.6575
0.83667,0.83667,0.83333,0.83333,0.83333
0.69667,0.69667,0.69667,0.69667,0.69667
0.655,0.655,0.655,0.655,0.655
0.66667,0.66667,0.66667,0.66667,0.66667
0.6875,0.6875,0.6875,0.6875,0.6875
0.58,0.58,0.58,0.58,0.58
0.51,0.51,0.51,0.51,0.51
0.125,0.125,0.125,0.125,0.125
