2,2,2,2,2,2,2,2,2,2,2,2,2,2,2,2,2,2,2,2,2,2,2,2,2,2,2,2,2,2,2,2,2,2,2,2,2,2,2,2,2,2,2,2,2,2,2,2,2,2
4,4,4,4,5,4,4,5,5,5,4,5,4,4,4,4,4,4,5,5,5,5,5,4,5,4,5,5,3,3,4,4,3,5,4,4,4,4,5,5,4,5,4,5,5,4,5,3,4,5
0,0,0,1,0,1,0,0,0,0,0,0,0,0,0,0,0,0,0,0,0,0,0,0,0,0,0,0,0,0,0,0,1,0,0,0,1,0,0,0,0,0,1,0,0,0,0,0,0,1
4,4,4,4,4,4,4,4,4,4,4,4,4,4,4,4,4,4,4,4,4,4,4,4,4,4,4,4,4,4,4,4,4,4,4,4,4,4,4,4,4,4,4,4,4,4,4,4,4,4
2,2,2,2,2,2,2,2,2,2,2,2,2,2,2,2,2,2,2,2,2,2,2,2,2,2,2,2,2,2,2,2,2,2,2,2,2,2,2,2,2,2,2,2,2,2,2,2,2,2
9,8,9,9,15,12,7,10,9,13,6,9,12,10,9,11,12,14,7,8,8,10,10,11,12,12,12,13,12,11,11,9,7,9,14,8,9,8,9,11,13,12,7,10,10,10,10,11,10,12
20,20,21,20,19,18,20,22,21,19,19,20,20,20,20,19,21,20,21,20,21,19,19,21,21,21,19,19,22,22,21,21,19,22,20,21,21,20,22,22,22,19,22,22,22,21,19,20,19,21
21,24,14,18,23,23,18,13,19,22,21,22,23,24,24,17,25,19,22,20,18,21,26,15,19,24,21,17,24,23,25,18,19,16,26,23,17,12,31,17,26,24,27,18,14,26,17,29,22,22
60,64,63,61,62,57,64,57,65,62,57,58,59,66,60,62,52,56,68,59,63,62,59,57,56,57,61,59,64,61,63,59,58,61,61,65,58,56,58,64,60,59,59,60,60,64,62,61,58,60
11,10,11,10,12,10,12,11,10,11,11,11,9,10,10,11,12,8,12,12,10,10,10,12,12,12,11,11,11,12,11,10,12,11,12,12,11,10,10,10,10,10,10,11,9,12,12,11,10,10
6,6,6,6,6,6,6,6,6,6,6,6,6,6,6,6,6,6,6,5,6,6,6,6,6,6,6,6,6,6,6,6,6,5,6,6,6,6,6,6,6,6,6,6,6,6,6,5,6,6
4,5,5,5,6,6,5,5,5,6,5,5,5,5,6,5,6,4,5,6,4,4,6,5,6,6,5,5,6,5,5,4,6,6,5,6,4,5,5,7,6,5,5,6,5,6,5,5,7,4
6,5,5,5,5,5,5,5,5,5,5,6,6,4,5,5,4,4,4,5,6,4,5,6,5,5,5,5,5,5,5,5,5,5,4,5,5,6,5,5,5,5,5,4,5,6,5,5,5,5
5,4,4,4,5,4,4,4,4,4,4,4,4,4,5,4,4,5,4,4,4,4,4,5,4,4,5,5,4,5,4,4,4,4,4,4,4,4,4,4,4,4,4,5,4,4,4,4,4,4
5,5,6,6,6,5,4,5,5,5,4,6,6,6,5,5,5,5,5,5,6,5,5,6,5,6,5,5,5,6,6,5,5,5,6,6,5,5,6,6,4,6,5,5,4,5,4,6,6,4
4,4,4,4,4,4,4,4,4,4,4,4,4,4,4,4,4,4,4,4,4,4,4,4,4,4,4,4,4,4,4,4,4,4,4,4,4,4,4,4,4,4,4,4,4,4,4,4,4,4
6,5,5,5,6,6,6,4,4,6,6,6,5,5,6,6,6,6,5,3,6,6,5,6,6,6,5,6,6,6,6,4,5,6,6,6,5,6,4,5,5,6,6,5,6,6,6,5,6,6
3,3,4,4,4,3,3,3,3,3,4,4,3,3,2,4,4,3,4,4,4,4,3,4,4,3,2,4,4,4,4,4,4,4,4,3,3,3,2,3,4,3,4,4,4,3,4,3,4,3
4,4,4,4,3,4,4,4,5,5,5,4,4,5,4,4,4,4,4,5,3,3,4,4,5,4,4,3,5,4,4,4,4,4,4,4,4,4,4,4,4,3,5,4,5,4,4,4,4,4
3,0,0,1,1,0,2,1,1,1,2,1,1,1,2,0,1,1,1,0,2,0,2,3,1,0,1,2,1,1,1,1,1,1,0,1,1,1,0,1,0,0,1,1,1,1,1,1,1,2
