0.89833,0.89833,0.89833,0.89833,0.89833
0.28,0.28,0.28,0.28,0.28
11,11,11,11,11
10,10,10,10,10
11,11,11,11,11
10,10,10,10,10
12,12,12,12,12
10,10,10,10,10
12,12,12,12,12
11,11,11,11,11
10,10,10,10,10
11,11,11,11,11
11,11,11,11,11
11,11,11,11,11
9,9,9,9,9
10,10,10,10,10
10,10,10,10,10
11,11,11,11,11
12,12,12,12,12
8,8,8,8,8
12,12,12,12,12
12,12,12,12,12
10,10,10,10,10
10,10,10,10,10
10,10,10,10,10
12,12,12,12,12
12,12,12,12,12
12,12,12,12,12
11,11,11,11,11
11,11,11,11,11
11,11,11,11,11
12,12,12,12,12
11,11,11,11,11
10,10,10,10,10
12,12,12,12,12
11,11,11,11,11
12,12,12,12,12
12,12,12,12,12
11,11,11,11,11
10,10,10,10,10
10,10,10,10,10
10,10,10,10,10
10,10,10,10,10
10,10,10,10,10
10,10,10,10,10
11,11,11,11,11
9,9,9,9,9
12,12,12,12,12
12,12,12,12,12
11,11,11,11,11
10,10,10,10,10
10,10,10,10,10
