0.83667,0.83667,0.83333,0.83333,0.83333
0.14,0.14,0.14,0.14,0.14
6,6,6,6,6
5,5,5,5,5
5,5,5,5,5
5,5,5,5,5
5,5,5,5,5
5,5,5,5,5
5,5,5,5,5
5,5,5,5,5
5,5,5,5,5
5,5,5,5,5
5,5,5,5,5
6,6,6,6,6
6,6,6,6,6
4,4,4,4,4
5,5,5,5,5
5,5,5,5,5
4,4,4,4,4
4,4,4,4,4
4,4,4,4,4
5,5,5,5,5
6,6,6,6,6
4,4,4,4,4
5,5,5,5,5
6,6,6,6,6
5,5,5,5,5
5,5,5,5,5
5,5,5,5,5
5,5,5,5,5
5,5,5,5,5
5,5,5,5,5
5,5,5,5,5
5,5,5,5,5
5,5,5,5,5
5,5,5,5,5
5,5,4,4,4
5,5,5,5,5
5,5,5,5,5
6,6,6,6,6
5,5,5,5,5
5,5,5,5,5
5,5,5,5,5
5,5,5,5,5
5,5,5,5,5
4,4,4,4,4
5,5,5,5,5
6,6,6,6,6
5,5,5,5,5
5,5,5,5,5
5,5,5,5,5
5,5,5,5,5
