0.6875,0.6875,0.6875,0.6875,0.6875
0,0,0,0,0
6,6,6,6,6
5,5,5,5,5
5,5,5,5,5
5,5,5,5,5
6,6,6,6,6
6,6,6,6,6
6,6,6,6,6
4,4,4,4,4
4,4,4,4,4
6,6,6,6,6
6,6,6,6,6
6,6,6,6,6
5,5,5,5,5
5,5,5,5,5
6,6,6,6,6
6,6,6,6,6
6,6,6,6,6
6,6,6,6,6
5,5,5,5,5
3,3,3,3,3
6,6,6,6,6
6,6,6,6,6
5,5,5,5,5
6,6,6,6,6
6,6,6,6,6
6,6,6,6,6
5,5,5,5,5
6,6,6,6,6
6,6,6,6,6
6,6,6,6,6
6,6,6,6,6
4,4,4,4,4
5,5,5,5,5
6,6,6,6,6
6,6,6,6,6
6,6,6,6,6
5,5,5,5,5
6,6,6,6,6
4,4,4,4,4
5,5,5,5,5
5,5,5,5,5
6,6,6,6,6
6,6,6,6,6
5,5,5,5,5
6,6,6,6,6
6,6,6,6,6
6,6,6,6,6
5,5,5,5,5
6,6,6,6,6
6,6,6,6,6
