0.56667,0.56667,0.56667,0.56667,0
0,0,0,0,0
9,9,9,9,0
8,8,8,8,0
9,9,9,9,0
9,9,9,9,0
15,15,15,15,0
12,12,12,12,0
7,7,7,7,0
10,10,10,10,0
9,9,9,9,0
13,13,13,13,0
6,6,6,6,0
9,9,9,9,0
12,12,12,12,0
10,10,10,10,0
9,9,9,9,0
11,11,11,11,0
12,12,12,12,0
14,14,14,14,0
7,7,7,7,0
8,8,8,8,0
8,8,8,8,0
10,10,10,10,0
10,10,10,10,0
11,11,11,11,0
12,12,12,12,0
12,12,12,12,0
12,12,12,12,0
13,13,13,13,0
12,12,12,12,0
11,11,11,11,0
11,11,11,11,0
9,9,9,9,0
7,7,7,7,0
9,9,9,9,0
14,14,14,14,0
8,8,8,8,0
9,9,9,9,0
8,8,8,8,0
9,9,9,9,0
11,11,11,11,0
13,13,13,13,0
12,12,12,12,0
7,7,7,7,0
10,10,10,10,0
10,10,10,10,0
10,10,10,10,0
10,10,10,10,0
11,11,11,11,0
10,10,10,10,0
12,12,12,12,0
