0.56667,0.56667,0.56667,0.56667,0.56667
0,0,0,0,0
20,20,20,20,20
20,20,20,20,20
21,21,21,21,21
20,20,20,20,20
19,19,19,19,19
18,18,18,18,18
20,20,20,20,20
22,22,22,22,22
21,21,21,21,21
19,19,19,19,19
19,19,19,19,19
20,20,20,20,20
20,20,20,20,20
20,20,20,20,20
20,20,20,20,20
19,19,19,19,19
21,21,21,21,21
20,20,20,20,20
21,21,21,21,21
20,20,20,20,20
21,21,21,21,21
19,19,19,19,19
19,19,19,19,19
21,21,21,21,21
21,21,21,21,21
21,21,21,21,21
19,19,19,19,19
19,19,19,19,19
22,22,22,22,22
22,22,22,22,22
21,21,21,21,21
21,21,21,21,21
19,19,19,19,19
22,22,22,22,22
20,20,20,20,20
21,21,21,21,21
21,21,21,21,21
20,20,20,20,20
22,22,22,22,22
22,22,22,22,22
22,22,22,22,22
19,19,19,19,19
22,22,22,22,22
22,22,22,22,22
22,22,22,22,22
21,21,21,21,21
19,19,19,19,19
20,20,20,20,20
19,19,19,19,19
21,21,21,21,21
