0.25901,0.25901,0.25901,0.25901,0.25901
0,0,0,0,0
21,21,21,21,21
24,24,24,24,24
14,14,14,14,14
18,18,18,18,18
23,23,23,23,23
23,23,23,23,23
18,18,18,18,18
13,13,13,13,13
19,19,19,19,19
22,22,22,22,22
21,21,21,21,21
22,22,22,22,22
23,23,23,23,23
24,24,24,24,24
24,24,24,24,24
17,17,17,17,17
25,25,25,25,25
19,19,19,19,19
22,22,22,22,22
20,20,20,20,20
18,18,18,18,18
21,21,21,21,21
26,26,26,26,26
15,15,15,15,15
19,19,19,19,19
24,24,24,24,24
21,21,21,21,21
17,17,17,17,17
24,24,24,24,24
23,23,23,23,23
25,25,25,25,25
18,18,18,18,18
19,19,19,19,19
16,16,16,16,16
26,26,26,26,26
23,23,23,23,23
17,17,17,17,17
12,12,12,12,12
31,31,31,31,31
17,17,17,17,17
26,26,26,26,26
24,24,24,24,24
27,27,27,27,27
18,18,18,18,18
14,14,14,14,14
26,26,26,26,26
17,17,17,17,17
29,29,29,29,29
22,22,22,22,22
22,22,22,22,22
