0.27935,0.27935,0.27935,0.27935,0.27935
0,0,0,0,0
60,60,60,60,60
64,64,64,64,64
63,63,63,63,63
61,61,61,61,61
62,62,62,62,62
57,57,57,57,57
64,64,64,64,64
57,57,57,57,57
65,65,65,65,65
62,62,62,62,62
57,57,57,57,57
58,58,58,58,58
59,59,59,59,59
66,66,66,66,66
60,60,60,60,60
62,62,62,62,62
52,52,52,52,52
56,56,56,56,56
68,68,68,68,68
59,59,59,59,59
63,63,63,63,63
62,62,62,62,62
59,59,59,59,59
57,57,57,57,57
56,56,56,56,56
57,57,57,57,57
61,61,61,61,61
59,59,59,59,59
64,64,64,64,64
61,61,61,61,61
63,63,63,63,63
59,59,59,59,59
58,58,58,58,58
61,61,61,61,61
61,61,61,61,61
65,65,65,65,65
58,58,58,58,58
56,56,56,56,56
58,58,58,58,58
64,64,64,64,64
60,60,60,60,60
59,59,59,59,59
59,59,59,59,59
60,60,60,60,60
60,60,60,60,60
64,64,64,64,64
62,62,62,62,62
61,61,61,61,61
58,58,58,58,58
60,60,60,60,60
