1,1,1,1,1
0.88,0.88,0.88,0.88,0.88
0.9,0.2,0.2,0.2,0.2
0.995,0.995,0.995,0.995,0.995
0.99,0.99,0.99,0.99,0.99
0.20556,0.20556,0.20556,0.20556,0
0.29889,0.29889,0.29889,0.29889,0.29889
0.038025,0.038025,0.038025,0.038025,0.038025
0.10056,0.10056,0.10056,0.10056,0.10056
0.62833,0.62833,0.62833,0.62833,0.62833
0.75,0.75,0.75,0.75,0.75
0.445,0.445,0.445,0.445,0.445
0.53667,0.53667,0.53667,0.53667,0.53667
0.66333,0.66333,0.66333,0.66333,0.66333
0.5025,0.5025,0.5025,0.5025,0.5025
0.67,0.66667,0.66667,0.66667,0.66667
0.585,0.585,0.585,0.585,0.585
0.53667,0.53667,0.53667,0.53667,0.53667
0.4625,0.4625,0.4625,0.4625,0.4625
0.15,0.15,0.1475,0.1475,0.1475
