2,2,2,2,2,2,2,2,2,2,2,2,2,2,2,2,2,2,2,2,2,2,2,2,2,2,2,2,2,2,2,2,2,2,2,2,2,2,2,2,2,2,2,2,2,2,2,2,2,2
4,5,5,5,4,4,4,5,4,4,4,4,5,5,4,4,5,4,4,4,5,5,5,4,3,4,4,5,4,3,4,5,5,4,4,4,4,4,5,5,5,5,4,5,5,5,5,4,5,4
0,0,0,0,0,0,0,0,0,0,1,1,0,0,0,0,0,1,0,0,1,1,0,0,0,0,1,0,1,0,0,0,0,0,1,0,0,1,0,0,0,0,0,0,0,0,0,1,0,0
4,4,4,4,4,4,4,4,4,4,4,4,4,4,3,4,4,4,4,4,4,4,4,4,4,4,4,4,4,4,4,4,4,4,4,4,4,4,4,4,4,4,4,4,4,4,4,4,4,4
2,2,2,2,2,2,2,2,2,2,2,2,2,2,2,1,2,2,2,2,2,2,2,2,2,2,2,2,2,2,2,2,2,2,2,2,2,2,2,2,2,2,2,2,2,2,2,2,2,2
3,3,3,3,5,5,4,3,4,6,4,3,5,3,4,6,4,2,6,4,3,5,3,4,3,5,4,3,5,2,4,3,2,1,5,2,4,2,5,2,6,2,2,6,5,3,3,5,3,3
10,11,9,10,11,10,12,12,10,9,9,14,11,10,12,11,10,10,11,10,11,12,13,11,11,10,12,11,11,9,11,11,10,9,11,10,12,12,11,12,10,11,12,12,11,9,10,11,12,8
5,3,4,2,4,4,4,4,3,3,5,5,2,3,2,1,2,1,1,5,3,2,5,3,3,4,4,3,5,7,4,2,2,1,4,2,3,2,0,5,1,4,3,2,8,0,2,0,3,4
25,22,20,23,22,24,24,23,22,21,21,24,19,18,22,23,20,19,22,21,19,23,18,25,23,23,20,25,20,22,26,22,20,21,19,22,19,24,23,19,23,21,22,23,21,21,20,21,20,26
6,7,8,7,7,10,8,7,7,10,6,7,4,6,6,9,7,8,11,4,7,10,7,7,6,6,10,6,7,9,9,8,9,9,7,9,8,5,8,8,8,7,7,9,7,6,7,11,7,8
3,4,5,5,4,4,5,4,5,5,3,5,5,4,4,5,5,6,4,4,4,5,5,4,4,5,5,4,5,4,5,4,5,5,5,5,5,4,5,4,5,4,5,4,5,4,4,5,3,5
5,2,4,4,3,3,3,3,3,3,4,6,4,5,3,3,4,2,4,4,4,3,2,3,4,4,4,3,4,4,5,4,3,4,3,3,3,4,4,3,3,4,3,4,4,4,4,4,3,2
4,3,4,3,3,2,3,5,3,4,4,3,4,3,3,3,3,3,3,3,3,3,4,4,3,3,3,4,3,3,3,4,4,4,2,4,3,2,4,3,3,2,3,3,3,3,3,3,3,3
4,4,4,4,4,4,4,4,4,4,4,4,4,4,4,4,4,4,4,4,4,4,4,4,4,4,4,4,3,4,4,4,4,4,4,4,4,4,4,4,4,4,4,4,4,4,4,4,4,4
4,4,4,4,4,3,4,4,3,3,4,4,5,4,3,4,3,5,4,4,5,3,4,4,4,4,4,4,4,4,3,4,4,4,4,4,4,4,6,5,4,4,4,5,4,4,4,4,4,5
4,4,4,4,4,4,4,4,4,4,4,4,4,4,4,4,4,4,4,4,4,4,4,4,4,4,4,4,4,4,4,4,4,4,4,4,4,4,4,4,4,4,4,4,4,4,4,4,4,4
5,5,3,4,4,5,5,6,5,4,5,5,5,5,5,6,4,4,6,4,4,5,4,6,4,6,6,4,3,5,5,4,4,6,3,5,5,4,5,5,5,5,4,5,5,5,6,3,5,3
2,4,4,3,3,3,3,4,3,2,4,3,4,3,3,4,3,3,3,3,2,4,3,4,3,4,4,4,3,3,3,3,3,3,2,4,4,3,3,4,3,2,3,4,4,4,2,3,3,3
4,3,4,4,4,4,3,5,4,3,4,5,3,3,4,4,3,3,4,3,3,4,4,3,4,3,5,5,3,4,3,4,4,4,3,3,4,4,4,4,5,2,4,3,3,4,3,5,3,4
1,1,1,1,1,1,2,1,1,1,1,2,2,1,2,1,1,1,1,1,1,1,1,1,1,1,1,1,1,1,1,1,2,3,1,1,1,1,1,1,1,1,1,1,1,1,1,1,3,1
