0.62833,0.62833,0.62833,0.62833,0.62833
0,0,0,0,0
6,6,6,6,6
7,7,7,7,7
8,8,8,8,8
7,7,7,7,7
7,7,7,7,7
10,10,10,10,10
8,8,8,8,8
7,7,7,7,7
7,7,7,7,7
10,10,10,10,10
6,6,6,6,6
7,7,7,7,7
4,4,4,4,4
6,6,6,6,6
6,6,6,6,6
9,9,9,9,9
7,7,7,7,7
8,8,8,8,8
11,11,11,11,11
4,4,4,4,4
7,7,7,7,7
10,10,10,10,10
7,7,7,7,7
7,7,7,7,7
6,6,6,6,6
6,6,6,6,6
10,10,10,10,10
6,6,6,6,6
7,7,7,7,7
9,9,9,9,9
9,9,9,9,9
8,8,8,8,8
9,9,9,9,9
9,9,9,9,9
7,7,7,7,7
9,9,9,9,9
8,8,8,8,8
5,5,5,5,5
8,8,8,8,8
8,8,8,8,8
8,8,8,8,8
7,7,7,7,7
7,7,7,7,7
9,9,9,9,9
7,7,7,7,7
6,6,6,6,6
7,7,7,7,7
11,11,11,11,11
7,7,7,7,7
8,8,8,8,8
