0.75,0.75,0.75,0.75,0.75
0.02,0.02,0.02,0.02,0.02
3,3,3,3,3
4,4,4,4,4
5,5,5,5,5
5,5,5,5,5
4,4,4,4,4
4,4,4,4,4
5,5,5,5,5
4,4,4,4,4
5,5,5,5,5
5,5,5,5,5
3,3,3,3,3
5,5,5,5,5
5,5,5,5,5
4,4,4,4,4
4,4,4,4,4
5,5,5,5,5
5,5,5,5,5
6,6,6,6,6
4,4,4,4,4
4,4,4,4,4
4,4,4,4,4
5,5,5,5,5
5,5,5,5,5
4,4,4,4,4
4,4,4,4,4
5,5,5,5,5
5,5,5,5,5
4,4,4,4,4
5,5,5,5,5
4,4,4,4,4
5,5,5,5,5
4,4,4,4,4
5,5,5,5,5
5,5,5,5,5
5,5,5,5,5
5,5,5,5,5
5,5,5,5,5
4,4,4,4,4
5,5,5,5,5
4,4,4,4,4
5,5,5,5,5
4,4,4,4,4
5,5,5,5,5
4,4,4,4,4
5,5,5,5,5
4,4,4,4,4
4,4,4,4,4
5,5,5,5,5
3,3,3,3,3
5,5,5,5,5
