0.445,0.445,0.445,0.445,0.445
0,0,0,0,0
5,5,5,5,5
2,2,2,2,2
4,4,4,4,4
4,4,4,4,4
3,3,3,3,3
3,3,3,3,3
3,3,3,3,3
3,3,3,3,3
3,3,3,3,3
3,3,3,3,3
4,4,4,4,4
6,6,6,6,6
4,4,4,4,4
5,5,5,5,5
3,3,3,3,3
3,3,3,3,3
4,4,4,4,4
2,2,2,2,2
4,4,4,4,4
4,4,4,4,4
4,4,4,4,4
3,3,3,3,3
2,2,2,2,2
3,3,3,3,3
4,4,4,4,4
4,4,4,4,4
4,4,4,4,4
3,3,3,3,3
4,4,4,4,4
4,4,4,4,4
5,5,5,5,5
4,4,4,4,4
3,3,3,3,3
4,4,4,4,4
3,3,3,3,3
3,3,3,3,3
3,3,3,3,3
4,4,4,4,4
4,4,4,4,4
3,3,3,3,3
3,3,3,3,3
4,4,4,4,4
3,3,3,3,3
4,4,4,4,4
4,4,4,4,4
4,4,4,4,4
4,4,4,4,4
4,4,4,4,4
3,3,3,3,3
2,2,2,2,2
