0.585,0.585,0.585,0.585,0.585
0,0,0,0,0
5,5,5,5,5
5,5,5,5,5
3,3,3,3,3
4,4,4,4,4
4,4,4,4,4
5,5,5,5,5
5,5,5,5,5
6,6,6,6,6
5,5,5,5,5
4,4,4,4,4
5,5,5,5,5
5,5,5,5,5
5,5,5,5,5
5,5,5,5,5
5,5,5,5,5
6,6,6,6,6
4,4,4,4,4
4,4,4,4,4
6,6,6,6,6
4,4,4,4,4
4,4,4,4,4
5,5,5,5,5
4,4,4,4,4
6,6,6,6,6
4,4,4,4,4
6,6,6,6,6
6,6,6,6,6
4,4,4,4,4
3,3,3,3,3
5,5,5,5,5
5,5,5,5,5
4,4,4,4,4
4,4,4,4,4
6,6,6,6,6
3,3,3,3,3
5,5,5,5,5
5,5,5,5,5
4,4,4,4,4
5,5,5,5,5
5,5,5,5,5
5,5,5,5,5
5,5,5,5,5
4,4,4,4,4
5,5,5,5,5
5,5,5,5,5
5,5,5,5,5
6,6,6,6,6
3,3,3,3,3
5,5,5,5,5
3,3,3,3,3
