0.4625,0.4625,0.4625,0.4625,0.4625
0,0,0,0,0
4,4,4,4,4
3,3,3,3,3
4,4,4,4,4
4,4,4,4,4
4,4,4,4,4
4,4,4,4,4
3,3,3,3,3
5,5,5,5,5
4,4,4,4,4
3,3,3,3,3
4,4,4,4,4
5,5,5,5,5
3,3,3,3,3
3,3,3,3,3
4,4,4,4,4
4,4,4,4,4
3,3,3,3,3
3,3,3,3,3
4,4,4,4,4
3,3,3,3,3
3,3,3,3,3
4,4,4,4,4
4,4,4,4,4
3,3,3,3,3
4,4,4,4,4
3,3,3,3,3
5,5,5,5,5
5,5,5,5,5
3,3,3,3,3
4,4,4,4,4
3,3,3,3,3
4,4,4,4,4
4,4,4,4,4
4,4,4,4,4
3,3,3,3,3
3,3,3,3,3
4,4,4,4,4
4,4,4,4,4
4,4,4,4,4
4,4,4,4,4
5,5,5,5,5
2,2,2,2,2
4,4,4,4,4
3,3,3,3,3
3,3,3,3,3
4,4,4,4,4
3,3,3,3,3
5,5,5,5,5
3,3,3,3,3
4,4,4,4,4
