0.15,0.15,0.1475,0.1475,0.1475
0,0,0,0,0
1,1,1,1,1
1,1,1,1,1
1,1,1,1,1
1,1,1,1,1
1,1,1,1,1
1,1,1,1,1
2,2,2,2,2
1,1,1,1,1
1,1,1,1,1
1,1,1,1,1
1,1,1,1,1
2,2,2,2,2
2,2,2,2,2
1,1,1,1,1
2,2,2,2,2
1,1,1,1,1
1,1,1,1,1
1,1,1,1,1
1,1,1,1,1
1,1,1,1,1
1,1,1,1,1
1,1,1,1,1
1,1,1,1,1
1,1,1,1,1
1,1,1,1,1
1,1,1,1,1
1,1,1,1,1
1,1,1,1,1
1,1,1,1,1
1,1,1,1,1
1,1,1,1,1
1,1,1,1,1
2,2,2,2,2
3,3,3,3,3
1,1,1,1,1
1,1,1,1,1
1,1,1,1,1
1,1,1,1,1
1,1,1,1,1
1,1,1,1,1
1,1,1,1,1
1,1,1,1,1
1,1,1,1,1
1,1,1,1,1
2,2,1,1,1
1,1,1,1,1
1,1,1,1,1
1,1,1,1,1
3,3,3,3,3
1,1,1,1,1
