0.29889,0.29889,0.29889,0.29889,0.29889
0,0,0,0,0
10,10,10,10,10
11,11,11,11,11
9,9,9,9,9
10,10,10,10,10
11,11,11,11,11
10,10,10,10,10
12,12,12,12,12
12,12,12,12,12
10,10,10,10,10
9,9,9,9,9
9,9,9,9,9
14,14,14,14,14
11,11,11,11,11
10,10,10,10,10
12,12,12,12,12
11,11,11,11,11
10,10,10,10,10
10,10,10,10,10
11,11,11,11,11
10,10,10,10,10
11,11,11,11,11
12,12,12,12,12
13,13,13,13,13
11,11,11,11,11
11,11,11,11,11
10,10,10,10,10
12,12,12,12,12
11,11,11,11,11
11,11,11,11,11
9,9,9,9,9
11,11,11,11,11
11,11,11,11,11
10,10,10,10,10
9,9,9,9,9
11,11,11,11,11
10,10,10,10,10
12,12,12,12,12
12,12,12,12,12
11,11,11,11,11
12,12,12,12,12
10,10,10,10,10
11,11,11,11,11
12,12,12,12,12
12,12,12,12,12
11,11,11,11,11
9,9,9,9,9
10,10,10,10,10
11,11,11,11,11
12,12,12,12,12
8,8,8,8,8
