0.038025,0.038025,0.038025,0.038025,0.038025
0,0,0,0,0
5,5,5,5,5
3,3,3,3,3
4,4,4,4,4
2,2,2,2,2
4,4,4,4,4
4,4,4,4,4
4,4,4,4,4
4,4,4,4,4
3,3,3,3,3
3,3,3,3,3
5,5,5,5,5
5,5,5,5,5
2,2,2,2,2
3,3,3,3,3
2,2,2,2,2
1,1,1,1,1
2,2,2,2,2
1,1,1,1,1
1,1,1,1,1
5,5,5,5,5
3,3,3,3,3
2,2,2,2,2
5,5,5,5,5
3,3,3,3,3
3,3,3,3,3
4,4,4,4,4
4,4,4,4,4
3,3,3,3,3
5,5,5,5,5
7,7,7,7,7
4,4,4,4,4
2,2,2,2,2
2,2,2,2,2
1,1,1,1,1
4,4,4,4,4
2,2,2,2,2
3,3,3,3,3
2,2,2,2,2
0,0,0,0,0
5,5,5,5,5
1,1,1,1,1
4,4,4,4,4
3,3,3,3,3
2,2,2,2,2
8,8,8,8,8
0,0,0,0,0
2,2,2,2,2
0,0,0,0,0
3,3,3,3,3
4,4,4,4,4
