0.10056,0.10056,0.10056,0.10056,0.10056
0,0,0,0,0
25,25,25,25,25
22,22,22,22,22
20,20,20,20,20
23,23,23,23,23
22,22,22,22,22
24,24,24,24,24
24,24,24,24,24
23,23,23,23,23
22,22,22,22,22
21,21,21,21,21
21,21,21,21,21
24,24,24,24,24
19,19,19,19,19
18,18,18,18,18
22,22,22,22,22
23,23,23,23,23
20,20,20,20,20
19,19,19,19,19
22,22,22,22,22
21,21,21,21,21
19,19,19,19,19
23,23,23,23,23
18,18,18,18,18
25,25,25,25,25
23,23,23,23,23
23,23,23,23,23
20,20,20,20,20
25,25,25,25,25
20,20,20,20,20
22,22,22,22,22
26,26,26,26,26
22,22,22,22,22
20,20,20,20,20
21,21,21,21,21
19,19,19,19,19
22,22,22,22,22
19,19,19,19,19
24,24,24,24,24
23,23,23,23,23
19,19,19,19,19
23,23,23,23,23
21,21,21,21,21
22,22,22,22,22
23,23,23,23,23
21,21,21,21,21
21,21,21,21,21
20,20,20,20,20
21,21,21,21,21
20,20,20,20,20
26,26,26,26,26
